7x7 

test grid 
01, 01, 01, 01, 16, 16, 01,
16, 16, 01, 01, 04, 01, 01,
16, 16, 16, 04, 16, 16, 16,
16, 16, 16, 01, 16, 16, 16,
16, 01, 01, 01, 01, 01, 16,
16, 04, 16, 01, 16, 01, 16,
01, 01, 01, 01, 16, 16, 01,

empty 
16, 16, 16, 16, 16, 16, 16,
16, 16, 16, 16, 16, 16, 16,
16, 16, 16, 16, 16, 16, 16,
16, 16, 16, 16, 16, 16, 16,
16, 16, 16, 16, 16, 16, 16,
16, 16, 16, 16, 16, 16, 16,
16, 16, 16, 16, 16, 16, 16,

baby level 1 
16, 16, 16, 16, 16, 16, 16,
16, 16, 16, 16, 16, 16, 16,
16, 11, 01, 01, 01,  8, 16,
16, 16, 16, 16, 16, 16, 16,
16, 16, 16, 16, 16, 16, 16,
16, 16, 16, 16, 16, 16, 16,
16, 16, 16, 16, 16, 16, 16,

lotta wire 
16, 16, 16, 16, 16, 16, 16,
16, 16, 16, 16, 16, 16, 16,
16, 16, 16, 16, 16, 16, 16,
16, 11, 01, 01, 01, 01,  8,
16, 16, 01, 01, 01, 01, 01,
16, 16, 16, 16, 16, 01, 01,
16, 16, 16, 16, 16, 16, 16,

something
16, 16, 16, 16, 16, 16, 16,
16, 16, 16, 16, 16, 16, 16,
16, 11, 01, 04, 01,  8, 16,
05, 16,  7, 16, 16, 16, 05,
16, 16,  7, 16, 16, 16, 16,
16, 16, 16, 16, 16, 16, 16,
16, 16,  6, 16, 16, 16, 16,